,topic_0,topic_1,topic_2,topic_3,topic_4,topic_5,topic_6,topic_7
-,0.5624563423640917,0.06250000007573521,0.06250000008896649,0.0625000002225363,0.06250000008350769,0.06250000004568443,0.06250000008217338,0.06254365703730493
aaaagh,0.5624563423640749,0.06250000007573521,0.06250000008896649,0.0625000002225363,0.06250000008350769,0.06250000004568443,0.06250000008217338,0.06254365703732159
aban,0.5624999995407701,0.06250000005668907,0.06250000006649724,0.06250000016675925,0.06250000006265541,0.06250000003423298,0.06250000006146754,0.06250000001092842
abandon,0.03125148143942395,0.031250000042419006,0.031250000049804785,0.0312500001248021,0.0312500000468512,0.031250000025594665,0.03125000004599319,0.7812485182251112
abandoning,0.03125000001117373,0.03125000003153522,0.03125000003702319,0.03125000009284654,0.2812500337463654,0.2812499335106938,0.28125003256430414,0.03125000000605807
abandonment,0.35416667420022746,0.02083333338071022,0.020833333388975594,0.020833333472791916,0.02083333338569338,0.02083333336190769,0.18750011335069655,0.3541665454589972
abate,0.06250000000620352,0.06250000001747945,0.5624999998726282,0.06250000005150781,0.0625000000193109,0.06250000001055217,0.06250000001895288,0.062500000003365
ability,0.16071413331423806,0.017857142914231745,0.01785714292415883,0.017857143025235854,0.30357182796833143,0.16071426541593198,0.16071440042822482,0.16071394400964714
abject,0.04166982965880138,0.04166666672662214,0.041666666736928995,0.04166666684285868,0.04166666673283767,0.04166666670279801,0.04166666673169287,0.7083301698674602
abjection,0.0625000000352684,0.06250000009913888,0.06250000011642153,0.0625000002915262,0.0625000001095485,0.06250000005988728,0.06250000010751337,0.5624999991806958
able,0.3846025413777041,0.10677093466071605,0.08593758483207735,0.002604166687481908,0.023437461564211243,0.0026048410692248634,0.023437461775308744,0.3706050080332757
abnegation,0.3749998800628797,0.041666666716081796,0.37500011959470275,0.04166666681214748,0.041666666721280325,0.04166666669649288,0.04166666672024973,0.04166666667616506
abnormal,0.5624999994726286,0.06250000006509,0.06250000007642637,0.06250000019152394,0.0625000000719273,0.06250000003928717,0.06250000007059117,0.06250000001252534
abode,0.06250000003374016,0.06250000009487813,0.06250000011143321,0.06250000027895809,0.0625000001048479,0.06250000005728822,0.06250000010306578,0.5624999992157885
abolished,0.0625000000352684,0.06250000009913888,0.06250000011642153,0.0625000002915262,0.0625000001095485,0.06250000005988728,0.06250000010751337,0.5624999991806958
abreast,0.562499999588452,0.06250000005080945,0.06250000005964192,0.06250000014938498,0.06250000005615673,0.062500000030657,0.06250000005508795,0.06250000000981003
abroad,0.06250000000591627,0.06250000001666006,0.06250000001955255,0.06250000004904599,0.06250000001840293,0.0625000000100526,0.5624999998771517,0.06250000000321784
abrogated,0.06250000005740365,0.06250000016194691,0.06250000018900985,0.06250000047379951,0.06250000017835211,0.06271164556390378,0.06250000017487779,0.5622883532007064
abrupt,0.06251155120438665,0.06250000011863072,0.06250000013893899,0.0625000003482954,0.06250000013086551,0.0625000000714732,0.06250000012862593,0.5624884478587836
abruptly,0.06250000006668172,0.06250000018812213,0.0625000002195592,0.06250000055037892,0.06250000020717887,0.48094446062994217,0.062500000203143,0.144055537934994
absence,0.14062490933676017,0.015625000041135977,0.01562500004825627,0.01562500012102012,0.14062510073627368,0.015632561502191195,0.015625000044572436,0.6406174281697902
absentia,0.06251155120438665,0.06250000011863072,0.06250000013893899,0.0625000003482954,0.06250000013086551,0.0625000000714732,0.06250000012862593,0.5624884478587836
absolute,0.4464286307233157,0.01785714289207505,0.01785714289812619,0.01785714295992228,0.017857142895723706,0.017857142878202753,0.01785714289503437,0.4464285118576001
absolutely,0.22499992210130879,0.22500020993049794,0.02500000009875185,0.02500000024771965,0.02500000009298685,0.22500007600817998,0.02500000009128205,0.22499979142927284
absorbed,0.32031253783299035,0.07031251811148664,0.07031252467191043,0.007812500062178374,0.07031252216355045,0.007815138905151018,0.007812500022893212,0.4453097582298395
absorbing,0.37500004467545556,0.04166666677608555,0.04166666679516489,0.04166666698863305,0.0416666667875835,0.041666666732715935,0.041666666785336,0.37499995445902545
abstinence,0.0416666666944842,0.041666666745108494,0.37500022652655435,0.041666666897422294,0.0416666667532918,0.04166666671397797,0.04166666675176153,0.3749997729173995
abstract,0.06250000003812228,0.06250000010733922,0.06250000012574364,0.06250000031530609,0.06250000011846649,0.06250000006468305,0.06250000011624761,0.5624999991140915
abstraction,0.06250000003812228,0.06250000010733922,0.06250000012574364,0.06250000031530609,0.06250000011846649,0.06250000006468305,0.06250000011624761,0.5624999991140915
absurd,0.3096987022588114,0.017857142901761294,0.017857142909498577,0.01785714298844534,0.01785714290644035,0.16071431042491774,0.017857142905543834,0.4403012727045814
abundance,0.06250000003559864,0.06250000010025915,0.06250000011755703,0.06250000029470147,0.06250000011070266,0.06250000006049064,0.06250000010876527,0.5624999991719253
abundant,0.06250000003374016,0.06250000009487813,0.06250000011143321,0.06250000027895809,0.0625000001048479,0.06250000005728822,0.06250000010306578,0.5624999992157885
abused,0.06250000003559864,0.06250000010025915,0.06250000011755703,0.06250000029470147,0.06250000011070266,0.06250000006049064,0.06250000010876527,0.5624999991719253
abusive,0.562499999588452,0.06250000005080945,0.06250000005964192,0.06250000014938498,0.06250000005615673,0.062500000030657,0.06250000005508795,0.06250000000981003
abyss,0.18749996361277405,0.020833333383428573,0.020833333392073276,0.0208333334806303,0.020833333388650923,0.02084619495197001,0.020833333387607844,0.6874871744028649
acceded,0.06250000003812228,0.06250000010733922,0.06250000012574364,0.06250000031530609,0.06250000011846649,0.06250000006468305,0.06250000011624761,0.5624999991140915
accelerated,0.04166666669597453,0.0416666667492817,0.041666666763479625,0.04166666690951691,0.041666666757861785,0.041666666716439274,0.3750002242248898,0.37499977518255634
accent,0.375000048549664,0.041666666771231785,0.04166666678930249,0.041666666974240096,0.04166666678217168,0.041666666729748725,0.04166666678008817,0.374999950623553
accentuated,0.2249998840804223,0.22500016551632457,0.2250001980679171,0.02500000021444803,0.025000000080482983,0.025000000043951143,0.025000000078960687,0.22499975191749333
accept,0.21249993662916702,0.21250022822856104,0.012500000044387309,0.012500000111359065,0.11250006499683246,0.14759759816615295,0.01250000004101366,0.27740217178252646
acceptance,0.562499999588452,0.06250000005080945,0.06250000005964192,0.06250000014938498,0.06250000005615673,0.062500000030657,0.06250000005508795,0.06250000000981003
accepted,0.261453261445262,0.17361130206481928,0.006944444468341501,0.006944444504387687,0.06250000481243764,0.11805555494368603,0.06250000423772313,0.30799098352334286
accepting,0.041666666687527595,0.04166666672546884,0.04166666673555722,0.04166666683946582,0.041666666731568255,0.04166666670208688,0.04166666673035197,0.7083333328479735
accessories,0.5624999994726286,0.06250000006509,0.06250000007642637,0.06250000019152394,0.0625000000719273,0.06250000003928717,0.06250000007059117,0.06250000001252534
accident,0.06250000000591627,0.06250000001666006,0.06250000001955255,0.06250000004904599,0.06250000001840293,0.0625000000100526,0.5624999998771517,0.06250000000321784
accidentally,0.06250000000591627,0.06250000001666006,0.06250000001955255,0.06250000004904599,0.06250000001840293,0.0625000000100526,0.5624999998771517,0.06250000000321784
accidents,0.031250000024886766,0.2812501663209271,0.03125000008238963,0.031250000206442155,0.031250000077515785,0.28125004678556326,0.03125000007615244,0.28124978642612286
accompanied,0.3906250590813388,0.0156250000472144,0.01562500005530253,0.01562500013875519,0.14062510656054944,0.21365801410284166,0.01562500005111378,0.19259181996288402
accompaniment,0.06250000003374016,0.06250000009487813,0.06250000011143321,0.06250000027895809,0.0625000001048479,0.06250000005728822,0.06250000010306578,0.5624999992157885
accompany,0.16071423537927573,0.01785714290467079,0.017857142912890794,0.017857142996925465,0.017857142909599756,0.16071432103404865,0.017857142908625966,0.5892857289539629
accompanying,0.3749708250577993,0.04166666673667583,0.04166666674888768,0.041666666872560876,0.041666666743929465,0.3750000697349857,0.041666666742610915,0.04169577136255025
accomplice,0.5624999994726286,0.06250000006509,0.06250000007642637,0.06250000019152394,0.0625000000719273,0.06250000003928717,0.06250000007059117,0.06250000001252534
accomplices,0.041669829657756424,0.04166666672365635,0.04166666673348111,0.041666666834186225,0.041666666729589324,0.04166666670102864,0.04166666672845798,0.708330169891844
accomplish,0.06250000000620352,0.06250000001747945,0.5624999998726282,0.06250000005150781,0.0625000000193109,0.06250000001055217,0.06250000001895288,0.062500000003365
accomplished,0.401621688143244,0.04166666677919773,0.04166666679855372,0.041666666997310975,0.04166666679087444,0.04166666673446481,0.041666666788683304,0.34837831096767097
accord,0.06250000001051889,0.06250000002962332,0.06250000003479468,0.06250000008713733,0.06250000003271283,0.5624999997673799,0.06250000003211321,0.0625000000057199
accordance,0.4583516003302103,0.020833333375064107,0.020833333382324976,0.02083333345611735,0.0208333333794088,0.020833333358495677,0.02083333337857759,0.4166483993398014
according,0.26747025526050977,0.08173080771131347,0.004807692322294645,0.004807692344328282,0.004807692321440986,0.33805486584854655,0.08173081292129555,0.21659018127027074
accordion,0.09659081939163695,0.0056818181967786055,0.09659099238571661,0.005681818225872541,0.051136361304176405,0.18750007655382192,0.0056818181980411156,0.5511362957439557
account,0.1874999567560667,0.020833333387718343,0.02083333339712769,0.02083333349331011,0.020833333393388845,0.18750004806148987,0.020833333392247806,0.5208333281186506
accounting,0.0625000000352684,0.06250000009913888,0.06250000011642153,0.0625000002915262,0.0625000001095485,0.06250000005988728,0.06250000010751337,0.5624999991806958
accounts,0.02083458602914115,0.02083333337076103,0.02083333337718007,0.020833333443300774,0.020833333374630073,0.44839062699628396,0.02083333337388983,0.42660812003481313
accumulated,0.013889280026768733,0.013888888920254189,0.01388888892567004,0.01388888898116008,0.12500005638647568,0.14630206705551793,0.12500005491918864,0.5481418747849648
accurate,0.06250000005740365,0.06250000016194691,0.06250000018900985,0.06250000047379951,0.06250000017835212,0.06271164566426665,0.06250000017487779,0.5622883531003434
accusation,0.06250000005740365,0.06250000016194693,0.06250000018900986,0.06250000047379954,0.06250000017835212,0.06271164626053548,0.0625000001748778,0.5622883525040745
accusatory,0.562499999588452,0.06250000005080945,0.06250000005964192,0.06250000014938498,0.06250000005615673,0.062500000030657,0.06250000005508795,0.06250000000981003
accused,0.1607142296645498,0.017857142905046596,0.017857142913240878,0.017857142997848015,0.017857142910005785,0.01787930336694376,0.1607144052752199,0.5892634899671453
accustomed,0.13168702579365005,0.007812500021227952,0.13281262461590362,0.007812500062478684,0.007812500023442758,0.07849907965025321,0.1953127170610393,0.4382510527720045
ached,0.5624563423640904,0.06250000007573522,0.0625000000889665,0.06250000022253631,0.0625000000835077,0.06250000004568444,0.0625000000821734,0.06254365703730612
acid,0.0313880976424136,0.03125000009310907,0.03125000010935431,0.031250000273896114,0.03125000010277056,0.2812501203741906,0.03125000010100096,0.5311117813032648
acidity,0.06250000003374016,0.06250000009487813,0.06250000011143321,0.06250000027895809,0.0625000001048479,0.06250000005728822,0.06250000010306578,0.5624999992157885
acids,0.06250000001042742,0.06250000002935131,0.06250000003443781,0.06250000008637782,0.0625000000324593,0.5624999997694712,0.06250000003181579,0.06250000000565932
acolyte,0.062500000005662,0.562499999881117,0.06250000001869889,0.06250000004693641,0.06250000001761837,0.06250000000961976,0.06250000001727339,0.06250000000307432
acquaintance,0.06250000000620352,0.06250000001747945,0.5624999998726282,0.06250000005150781,0.0625000000193109,0.06250000001055217,0.06250000001895288,0.062500000003365
acquaintances,0.06250000003374016,0.06250000009487813,0.06250000011143321,0.06250000027895809,0.0625000001048479,0.06250000005728822,0.06250000010306578,0.5624999992157885
acquire,0.041666666709055146,0.37500030973030585,0.041666666806433245,0.04166666701717243,0.04166666679853085,0.36183319057082663,0.041666666795959595,0.0548331655717163
acquired,0.11397498647426318,0.012500000034784202,0.012500000040794384,0.01250000010234477,0.212500230704207,0.257140394690942,0.01250000003769709,0.3663843879149672
acrobat,0.041666666694755175,0.0416666667458023,0.0416666667595526,0.04166666689956726,0.04166666675414936,0.37500009572165177,0.04166666675246149,0.3749999036720601
acrobatic,0.04166666669411278,0.04166666674394295,0.041666666757406115,0.041666666894016324,0.3750002108589947,0.04166666671331692,0.04166666675045727,0.3749997885877529
acrobatics,0.041666666694729036,0.04166666674579319,0.37500022928053006,0.0416666668995853,0.041666666754138215,0.04166666671443918,0.04166666675245187,0.37499977015833325
acrobats,0.5312499403591138,0.03125000003333215,0.03125000003912478,0.03125000009813998,0.03125000003683545,0.0312500000201085,0.2812500594069457,0.03125000000639968
across,0.2784470043874488,0.0449999944111814,0.0449999975288399,0.005000000047367707,0.04499999638533671,0.12500003583457273,0.08500008038110782,0.37155289102414485
act,0.1838235081355213,0.007352941192252031,0.0073529411949879026,0.007352941222915604,0.007352941193903464,0.007354355861712761,0.0661764880583357,0.7132338831403711
acted,0.06250000003559864,0.06250000010025915,0.06250000011755703,0.06250000029470147,0.06250000011070266,0.06250000006049064,0.06250000010876527,0.5624999991719253
actedout,0.06250000000591627,0.06250000001666006,0.06250000001955255,0.06250000004904599,0.06250000001840293,0.0625000000100526,0.5624999998771517,0.06250000000321784
action,0.2249998619497333,0.4250004571742356,0.025000000081551167,0.025000000204471292,0.025000000076763642,0.025000000041914456,0.025000000075295795,0.22499968039603485
actions,0.020874263764264815,0.1875000913034511,0.02083333338196282,0.02083333345516146,0.020833333379045884,0.02083333335829739,0.02083333337826242,0.687458977979554
active,0.4464286449777633,0.01785714290157131,0.01785714290929322,0.01785714298795823,0.017857142906258585,0.30357156043808264,0.017857142905315173,0.1607140799737575
activities,0.3749708252395609,0.04166666673685715,0.04166666674912558,0.0416666668730672,0.04166666674409849,0.37500006955190995,0.041666666742809194,0.041695771362571486
activity,0.4455945652202841,0.013888888927099623,0.013888888933713118,0.013888889001343887,0.1250000807512603,0.12499999009298993,0.013888888930313273,0.24884980814299576
actors,0.06250000000591627,0.06250000001666006,0.06250000001955255,0.06250000004904599,0.06250000001840293,0.0625000000100526,0.5624999998771517,0.06250000000321784
acts,0.37261407331154844,0.025000000059707005,0.025000000069899,0.025000000175245306,0.025000000065823823,0.025029544107902757,0.02500000006462606,0.47735638214524767
actually,0.18020781989024434,0.005434782623475892,0.09239138933895678,0.005434782652200409,0.005434782625018375,0.09893074555968256,0.0489130439714553,0.5632526533389663
add,0.04166666670886566,0.041666666785821815,0.041666666805817494,0.041666667015606874,0.04166666679793592,0.04181769351109732,0.37500034109085467,0.37484863128400026
added,0.21799140982014234,0.11250006231736635,0.012500000045050044,0.012500000113038779,0.012500000042428969,0.2699134830953746,0.11250006945398335,0.2495949751126157
addition,0.26562499903825165,0.01562500002895611,0.015625000033992902,0.015625000085250747,0.015625000032007633,0.015625000017471767,0.01562500003140622,0.640625000732663
address,0.04166982965880138,0.04166666672662214,0.041666666736928995,0.04166666684285868,0.04166666673283767,0.04166666670279801,0.04166666673169287,0.7083301698674602
addressed,0.01562500001026758,0.015625000028992107,0.015625000034043116,0.015625000085361197,0.14062505039668557,0.26562506179277345,0.015625000031441582,0.5156248876204355
adept,0.041666666693901795,0.3750001905180826,0.04166666675669514,0.04166666689225662,0.04166666675139277,0.04166666671295288,0.04166666674980604,0.3749998089249121
adequate,0.06250000003179126,0.06250000008943807,0.06250000010497701,0.062500000263059,0.06250000009885068,0.06250000005403487,0.06250000009696238,0.5624999992608867
adjoining,0.562499999588452,0.06250000005080945,0.06250000005964192,0.06250000014938498,0.06250000005615673,0.062500000030657,0.06250000005508795,0.06250000000981003
adjusted,0.06250000000620352,0.06250000001747945,0.5624999998726282,0.06250000005150781,0.0625000000193109,0.06250000001055217,0.06250000001895288,0.062500000003365
adjustment,0.06250000003559864,0.06250000010025915,0.06250000011755703,0.06250000029470147,0.06250000011070266,0.06250000006049064,0.06250000010876527,0.5624999991719253
administering,0.06251155120438665,0.06250000011863072,0.06250000013893899,0.0625000003482954,0.06250000013086551,0.0625000000714732,0.06250000012862593,0.5624884478587836
administration,0.06250000003812228,0.06250000010733922,0.06250000012574364,0.06250000031530609,0.06250000011846649,0.06250000006468305,0.06250000011624761,0.5624999991140915
admirable,0.7075607255787043,0.04166666715664349,0.04166666724062309,0.04166666810587756,0.04166666720723946,0.04166666696177877,0.041666667197954636,0.042439270551178604
admiration,0.5312501088622189,0.03125000006946537,0.0312500000815746,0.03125000020439375,0.031250000076775836,0.03125000004191196,0.031250000075420906,0.2812498905882386
admire,0.06250000000597732,0.06250000001685209,0.06250000001976419,0.06250000004957482,0.5624999998761745,0.06250000001016465,0.06250000001824907,0.06250000000324342
admired,0.2308193700953346,0.025000000063218925,0.025000000074192803,0.025000000185989857,0.22500016929903066,0.02500000003811635,0.02500000006853941,0.41918046017557753
admit,0.06251155120438665,0.06250000011863072,0.06250000013893899,0.0625000003482954,0.06250000013086551,0.0625000000714732,0.06250000012862593,0.5624884478587836
admitted,0.1785232613079946,0.012500000033694171,0.11250006528768143,0.012500000099140348,0.012500000037191763,0.312500167204277,0.012500000036525275,0.34647650599349544
admitting,0.06250000003374016,0.06250000009487813,0.06250000011143321,0.06250000027895809,0.0625000001048479,0.06250000005728822,0.06250000010306578,0.5624999992157885
admonitions,0.04166666669584402,0.04166666674894918,0.37500024057772946,0.04166666690895568,0.04166666675759835,0.041666666716372265,0.04166666675587872,0.3749997588386725
adobe,0.37500004789339186,0.04166666677048494,0.04166666678854547,0.041666666972123255,0.04166666678140224,0.04166666672934648,0.04166666677925358,0.3749999512854522
adolescence,0.1846225316341369,0.056250011041185356,0.006250000019914047,0.006250000049953328,0.006250000018744008,0.10625001393930332,0.05625001345317165,0.5778774298435913
adolescent,0.30553496043673495,0.11250006350326981,0.012500000047402537,0.012500000118932104,0.1125000728322139,0.31250020164111564,0.012500000043797912,0.11946470137653331
adolescents,0.03125000001771172,0.03125000004994436,0.031250000058586545,0.031250000146893345,0.2812501249002549,0.031250000030105564,0.03125000005415704,0.5312498747423465
adopted,0.025000000022198852,0.22500012246533319,0.025000000073431415,0.02500000018427305,0.22500013825526913,0.02500000003773573,0.2250001350940414,0.22499960386771714
adoration,0.06250000000591627,0.06250000001666006,0.06250000001955255,0.06250000004904599,0.06250000001840293,0.0625000000100526,0.5624999998771517,0.06250000000321784
adoring,0.0625000000352684,0.06250000009913888,0.06250000011642153,0.0625000002915262,0.0625000001095485,0.06250000005988728,0.06250000010751337,0.5624999991806958
adorned,0.3750000409832694,0.04166666676401775,0.04166666678091581,0.04166666695314514,0.041666666774270375,0.04166666672544488,0.041666666772219585,0.3749999582467171
adrift,0.22499994250249555,0.22500020678269267,0.025000000097608378,0.025000000244733797,0.025000000091862016,0.2250000742640087,0.0250000000901029,0.22499977592649595
adult,0.4016323918415674,0.0416666667792088,0.04166666679856667,0.04166666699734345,0.04166666679088663,0.04166666673447147,0.041666666788695295,0.34836760726926025
adulterous,0.06250000000620352,0.06250000001747945,0.5624999998726282,0.06250000005150781,0.0625000000193109,0.06250000001055217,0.06250000001895288,0.062500000003365
adultery,0.06250000000620352,0.06250000001747945,0.5624999998726282,0.06250000005150781,0.0625000000193109,0.06250000001055217,0.06250000001895288,0.062500000003365
adults,0.02500000002099246,0.02500000005923032,0.025000000069435934,0.02500000017420707,0.025000000065397526,0.4250001792363529,0.2250001367596397,0.2249996836147441
advance,0.06250000003559864,0.06250000010025915,0.06250000011755703,0.06250000029470147,0.06250000011070266,0.06250000006049064,0.06250000010876527,0.5624999991719253
advanced,0.017857142869180734,0.017857142891126714,0.16071436298254682,0.017857142957233594,0.01785714289469863,0.16071427612853706,0.017857142893989767,0.5892856463826868
advancing,0.5624999995183712,0.06250000005958069,0.0625000000697597,0.06250000017483918,0.06250000006564985,0.06250000003589339,0.06250000006443539,0.06250000001147085
advantage,0.16585082394624193,0.08653849920577512,0.009615384651563683,0.009615384706135311,0.08653850574564914,0.24038475357306932,0.08653850444665326,0.3149181437249122
adventure,0.45833336514931466,0.23611128406174273,0.013888888923634764,0.01388888897603113,0.013888888921600487,0.013888888906743004,0.013888888920980917,0.23611090613995223
adventurer,0.5624999995183712,0.06250000005958069,0.0625000000697597,0.06250000017483918,0.06250000006564985,0.06250000003589339,0.06250000006443539,0.06250000001147085
adventurers,0.04166666669597453,0.0416666667492817,0.041666666763479625,0.04166666690951691,0.041666666757861785,0.041666666716439274,0.3750002242248898,0.37499977518255634
adventures,0.3749998817259759,0.3750001178905464,0.04166666673005174,0.04166666682560847,0.04166666672633201,0.041666666699239525,0.04166666672521128,0.041666666677034676
adversaries,0.031252372246100286,0.28125011618160295,0.031250000059437295,0.03125000014908489,0.03125000005597819,0.03125000003055838,0.0312500000549572,0.5312475112222809
adversary,0.03125148143842209,0.03125000003955779,0.03125000004641655,0.03125000011631669,0.03125000004368888,0.03125000002385003,0.03125000004294368,0.7812485182488044
adverse,0.37499989846103476,0.37500010119531463,0.041666666723432326,0.04166666680909868,0.041666666720150757,0.04166666669587007,0.04166666671912886,0.04166666667597007
adversity,0.06250000003763835,0.06250000010602015,0.06250000012462749,0.06250000031200152,0.06250000011716246,0.06250000006408207,0.06250000011494103,0.562499999123527
advertise,0.5624999994726286,0.06250000006509,0.06250000007642637,0.06250000019152394,0.0625000000719273,0.06250000003928717,0.06250000007059117,0.06250000001252534
advertised,0.5624999995407701,0.06250000005668907,0.06250000006649724,0.06250000016675925,0.06250000006265541,0.06250000003423298,0.06250000006146754,0.06250000001092842
advice,0.18749990224049592,0.020833333395075974,0.020833333405868525,0.020833333515154095,0.02083333340157381,0.5208337002393999,0.02083333340027964,0.1874997304021521
advised,0.06250000000620352,0.06250000001747945,0.5624999998726282,0.06250000005150781,0.0625000000193109,0.06250000001055217,0.06250000001895288,0.062500000003365
adviser,0.06250000003559864,0.06250000010025915,0.06250000011755703,0.06250000029470147,0.06250000011070266,0.06250000006049064,0.06250000010876527,0.5624999991719253
advisers,0.2812500050399664,0.03125000007385212,0.0312500000865079,0.03125000021697909,0.031250000081461254,0.031250000044472,0.03125000007994182,0.5312499943768195
advising,0.40165304824248077,0.04166666678775131,0.04166666680860685,0.041666667022550244,0.04166666680032039,0.0416666667396339,0.04166666679796916,0.3483469508006874
aerial,0.06250000003179126,0.06250000008943807,0.06250000010497701,0.062500000263059,0.06250000009885068,0.06250000005403487,0.06250000009696238,0.5624999992608867
affair,0.37500005581856294,0.04166666677203209,0.04166666679019,0.04166666697639367,0.04166666678301513,0.04166666673015969,0.04166666678082334,0.3749999433488231
affairs,0.23956238184740694,0.013888888924053136,0.01388888893014311,0.013888888992381599,0.1250000702806072,0.0138888889100813,0.125000068633916,0.45488192348141054
affected,0.37500003989073993,0.04166666676594548,0.041666666783090764,0.04166666695853175,0.04166666677626665,0.04166666672655181,0.04166666677419815,0.3749999593246755
affecting,0.06250000000620352,0.06250000001747945,0.5624999998726282,0.06250000005150781,0.0625000000193109,0.06250000001055217,0.06250000001895288,0.062500000003365
affection,0.007812647445538475,0.19531265098736988,0.007812500020330227,0.007812500051011582,0.07031248832131408,0.13281247673864055,0.13281258026311038,0.4453121561726848
affectionate,0.0312523722484145,0.03125000005738875,0.031250000067300575,0.031250000168799405,0.031250000063392465,0.2812500562554734,0.03125000006222221,0.5312475710770087
affinity,0.06250000003374016,0.06250000009487813,0.06250000011143321,0.06250000027895809,0.0625000001048479,0.06250000005728822,0.06250000010306578,0.5624999992157885
afflicted,0.041666666691794696,0.04166666673747576,0.04166666674977645,0.0416666668750382,0.37500018959913345,0.04166666670941532,0.04166666674342328,0.37499980989394294
affliction,0.3124999906736474,0.012500000044069507,0.2125003133279264,0.012500000129779167,0.11250007282722936,0.11249995313481408,0.11250007085589896,0.11249959900663509
afflictions,0.06251155120438665,0.06250000011863072,0.06250000013893899,0.0625000003482954,0.06250000013086551,0.0625000000714732,0.06250000012862593,0.5624884478587836
affray,0.06250000003179126,0.06250000008943807,0.06250000010497701,0.062500000263059,0.06250000009885068,0.06250000005403487,0.06250000009696238,0.5624999992608867
afloat,0.06250000000620352,0.06250000001747945,0.5624999998726282,0.06250000005150781,0.0625000000193109,0.06250000001055217,0.06250000001895288,0.062500000003365
afraid,0.4464284858540861,0.017857142882879855,0.3035715884432775,0.017857142932952524,0.017857142885593733,0.1607142112540855,0.017857142885051285,0.017857142862073464
afternoons,0.1264370520590785,0.013888888930338046,0.12500008996649348,0.013888889010819054,0.12500008349147587,0.013888888913860507,0.1250000815008457,0.45689602612708874
aftershock,0.562499999588452,0.06250000005080945,0.06250000005964192,0.06250000014938498,0.06250000005615673,0.062500000030657,0.06250000005508795,0.06250000000981003
aftertaste,0.041666666694577775,0.041666666745374496,0.04166666675908698,0.04166666689829617,0.37500021567581393,0.04166666671418037,0.041666666751982204,0.37499978376068804
afterward,0.5312499492689252,0.03125000002959846,0.28125005052599567,0.03125000008713825,0.03125000003271252,0.0312500000178499,0.03125000003209412,0.03125000000568587
again-,0.062500000005662,0.562499999881117,0.06250000001869889,0.06250000004693641,0.06250000001761837,0.06250000000961976,0.06250000001727339,0.06250000000307432
aged,0.40421833758675113,0.012500000030910749,0.11250005709517731,0.012500000090969852,0.1125000526056057,0.012500000018633084,0.01250000003351232,0.32078155253843993
ageless,0.0625000000359659,0.06250000010128619,0.06250000011894281,0.06250000029794597,0.06250000011197229,0.06250000006118246,0.06250000010980078,0.5624999991629036
agent,0.041850774302984,0.04166666677584789,0.041666666794958444,0.04166666698775155,0.0416666667871321,0.04166666673253262,0.041666666785110315,0.708149224833683
agents,0.06250000003179126,0.06250000008943807,0.06250000010497701,0.062500000263059,0.06250000009885068,0.06250000005403487,0.06250000009696238,0.5624999992608867
ageold,0.013888888899653942,0.013888888919291598,0.1250000445393659,0.01388888897844572,0.01388888892248456,0.34722235473655866,0.12500003929196787,0.34722200571223155
ages,0.025050005563754613,0.025000000043962023,0.02500000005160777,0.025000000129297217,0.025000000048518586,0.025000000026503343,0.025000000047685326,0.8249499940886711
aggravated,0.041666666698653224,0.04166666675685701,0.041666666772652905,0.0416666669321956,0.041666666766357205,0.37500011568850394,0.04166666676444724,0.37499988362033293
aggressive,0.562499999588452,0.06250000005080945,0.06250000005964192,0.06250000014938498,0.06250000005615673,0.062500000030657,0.06250000005508795,0.06250000000981003
aggressiveness,0.03125237224759852,0.031250000054729735,0.031250000064133567,0.03125000016088016,0.03125000006040336,0.031250000032964326,0.28125013820112577,0.5312474891781646
agile,0.04166666669611542,0.04166666674961034,0.04166666676409464,0.041666666910672986,0.04166666675831653,0.3750001020653135,0.04166666675672871,0.374999897299148
aging,0.031250000017507114,0.03125000004936483,0.03125000005792912,0.031250000145241395,0.2812501230232327,0.03125000002977804,0.03125000005353323,0.5312498766234136
agitation,0.781238820433944,0.03125000002594472,0.03125000003047639,0.031250000076298086,0.03125000002862716,0.03125000001564056,0.0312500000281473,0.0312611793609218
agitator,0.062500000005662,0.562499999881117,0.06250000001869889,0.06250000004693641,0.06250000001761837,0.06250000000961976,0.06250000001727339,0.06250000000307432
ago,0.18749997033010535,0.02083333338262285,0.020833333391072493,0.020833333478110908,0.020833333387696665,0.020846194951601792,0.02083333338667344,0.6874871676921165
agonizing,0.041666666684057246,0.04166666671565633,0.041666666724174,0.0416666668108266,0.04166666672081585,0.041666666696250076,0.04166666671978078,0.708333332928439
agony,0.04166666668619393,0.04166666672169205,0.04166666673132918,0.04166666682859804,0.04166666672747834,0.04166666669989542,0.04166666672638106,0.7083333328784319
agree,0.062500000005662,0.562499999881117,0.06250000001869889,0.06250000004693641,0.06250000001761837,0.06250000000961976,0.06250000001727339,0.06250000000307432
agreed,0.19318172089011892,0.19318200246034828,0.011363636401069363,0.011363636457540688,0.10227277206904756,0.1931818708552457,0.011363636398207904,0.2840907244684216
agreement,0.18840597644183552,0.08035716941250713,0.008928571453694564,0.008928571491557364,0.08035717390338915,0.008931011631876967,0.0089285714517872,0.6151629542133522
agronomists,0.04166666666990338,0.04166666667579259,0.041666666677378096,0.04166666669354493,0.041666666676747934,0.0416666666721707,0.7083333332660381,0.041666666668424245
aground,0.0625000000352684,0.06250000009913888,0.06250000011642153,0.0625000002915262,0.0625000001095485,0.06250000005988728,0.06250000010751337,0.5624999991806958
ahead,0.3189695063252946,0.01250000002520652,0.012500000029558922,0.01250000007412475,0.012500000027834768,0.012505032538163447,0.012500000027320265,0.6060254609524968
ahuyama,0.5624999995407701,0.06250000005668907,0.06250000006649724,0.06250000016675925,0.06250000006265541,0.06250000003423298,0.06250000006146754,0.06250000001092842
aid,0.42500009246453746,0.025000000068132848,0.025000000080019364,0.025000000200513878,0.025000000075291177,0.22500006396593464,0.02500000007388577,0.22499984307168494
aided,0.03125237224926532,0.0312500000597491,0.03125000007006492,0.0312500001756835,0.031250000065955505,0.281250059990662,0.0312500000647971,0.5312475673238226
aides,0.03125148143954832,0.03125000004275773,0.031250000050091396,0.031250000125650684,0.03125000004718606,0.031250000025748986,0.031250000046328705,0.7812485182226881
ailing,0.06250000000591627,0.06250000001666006,0.06250000001955255,0.06250000004904599,0.06250000001840293,0.0625000000100526,0.5624999998771517,0.06250000000321784
ailment,0.562499999588452,0.06250000005080945,0.06250000005964192,0.06250000014938498,0.06250000005615673,0.062500000030657,0.06250000005508795,0.06250000000981003
ailments,0.3749998800628797,0.041666666716081796,0.37500011959470275,0.04166666681214748,0.041666666721280325,0.04166666669649288,0.04166666672024973,0.04166666667616506
aim,0.19631868331514093,0.011363636390708826,0.011363636395366609,0.011363636443231896,0.10227278130357126,0.011367495289600038,0.011363636392959947,0.6445864944694205
aimed,0.031250000023861094,0.03125000006740744,0.031250000078735844,0.031250000197474814,0.03125000007426931,0.5246205448200096,0.2812501569687849,0.03787929776945697
aiming,0.03133507014398664,0.031250000063251585,0.03125000007425714,0.03125000018600606,0.03125000006978907,0.031250000038132136,0.03125000006862965,0.7811649293559477
aimlessly,0.06250000003763835,0.06250000010602015,0.06250000012462749,0.06250000031200152,0.06250000011716246,0.06250000006408207,0.06250000011494103,0.562499999123527
aims,0.03125000001630329,0.031250000046012985,0.03125000005384543,0.03125000013504189,0.03125000005075627,0.03127661831133776,0.0312500000497829,0.7812233813369195
airmail,0.06250000003179126,0.06250000008943807,0.06250000010497701,0.062500000263059,0.06250000009885068,0.06250000005403487,0.06250000009696238,0.5624999992608867
airplane,0.011363636367910757,0.01136363637570377,0.011363636377811123,0.011363636399175911,0.011363636376975331,0.011363636370919996,0.011363636376720773,0.9204545453547822
airs,0.06251155120438665,0.06250000011863072,0.06250000013893899,0.0625000003482954,0.06250000013086551,0.0625000000714732,0.06250000012862593,0.5624884478587836
aisle,0.5624563423639165,0.06250000007573521,0.06250000008896649,0.0625000002225363,0.06250000008350769,0.06250000004568443,0.06250000008217338,0.06254365703748001
alabaster,0.04166666668680395,0.041666666723448334,0.04166666673338738,0.04166666683380216,0.04166666672943095,0.04166666670096274,0.041666666728226956,0.7083333328639376
alarm,0.2840908829312804,0.01136363639292463,0.011363636398019706,0.011363636449871593,0.011363636396002583,0.2840910460432879,0.102272771849035,0.2840907535395783
alarmed,0.2840909045907312,0.10227277482804494,0.10227278685388262,0.011363636459702403,0.011363636399683685,0.19318188549949364,0.01136363639899656,0.28409073896946496
alarming,0.025000000013339598,0.02500000003761306,0.22500009158503506,0.025000000110720406,0.025000000041556888,0.025000000022693515,0.02500000004079659,0.6249999081482449
alba,0.06250000000620352,0.06250000001747945,0.5624999998726282,0.06250000005150781,0.0625000000193109,0.06250000001055217,0.06250000001895288,0.062500000003365
album,0.04166666668233776,0.041666666710910655,0.04166666671836917,0.04166666679628763,0.04166666671541949,0.7082956053751355,0.0416666667144796,0.041704394287060464
alchemist,0.28124988003181656,0.03125000005139589,0.031250000060299266,0.03125000015130557,0.2812501175044719,0.2812500021351298,0.031250000055715835,0.03125000000986523
alchemy,0.7656249988811228,0.01562500001569376,0.015625000018422954,0.015625000046213897,0.14062500100906478,0.01562500000946304,0.015625000017014674,0.015625000003004028
alcohol,0.37499995981233136,0.041666666720251246,0.04166666672958713,0.04166666682431094,0.04166666672587579,0.3750000397858972,0.04166666672476352,0.04166666667698268
alcoholic,0.062500000005662,0.562499999881117,0.06250000001869889,0.06250000004693641,0.06250000001761837,0.06250000000961976,0.06250000001727339,0.06250000000307432
alembic,0.5624999995407701,0.06250000005668907,0.06250000006649724,0.06250000016675925,0.06250000006265541,0.06250000003423298,0.06250000006146754,0.06250000001092842
alert,0.03125000001625181,0.2812501016321662,0.031250000053784324,0.03125000013483357,0.0312500000506311,0.03125000002764345,0.03125000004970414,0.5312498980349855
alfonso,0.031250000013709534,0.031250000038671344,0.03125000004544477,0.031250000113858825,0.03125000004274119,0.03125000002335617,0.03125000004192828,0.78124999968029
algae,0.04167436747595735,0.04166666675735459,0.3750002690047962,0.04166666693314997,0.041666666766732086,0.04166666672129805,0.041666666765000346,0.37499202957571137
alibis,0.562499999588452,0.06250000005080945,0.06250000005964192,0.06250000014938498,0.06250000005615673,0.062500000030657,0.06250000005508795,0.06250000000981003
alien,0.3750000535649188,0.041666666775951836,0.041666666794760214,0.04166666698797651,0.04166666678734757,0.04166666673254367,0.0416666667850764,0.37499994557142496
alike,0.28852427870916897,0.03125000007339252,0.03125000008602315,0.031250000215660365,0.031250000080971035,0.031250000044222945,0.031250000079506964,0.523975720711054
alive,0.30237642076441246,0.003378378388037316,0.08445954518709958,0.003378378406815002,0.030405379878218917,0.16554061188692598,0.03040537988071368,0.3800559056077772
allegation,0.06250000004676035,0.06250000013192006,0.06250000015396522,0.0625000003859515,0.06250000014528355,0.5623608200476724,0.0625000001424534,0.0626391789459935
alleged,0.3749999493628331,0.041666666726098735,0.04166666673633232,0.041666666841280404,0.04166666673220452,0.3750000501921659,0.041666666730995144,0.04166666667808991
alleviate,0.3749998687763293,0.04166666672126375,0.04166666673076271,0.04166666682736818,0.3750001308416618,0.04166666669960356,0.041666666725862514,0.04166666667714819
alley,0.04166666667473184,0.04166666668941165,0.37500000111424514,0.041666666733687845,0.04166666669179453,0.04166666668038848,0.3749999987446999,0.04166666667104054
alleys,0.5624563423564141,0.06250000007573521,0.06250000008896649,0.0625000002225363,0.06250000008350769,0.06250000004568443,0.06250000008217338,0.06254365704498248
alliances,0.06250000003812228,0.06250000010733922,0.06250000012574364,0.06250000031530609,0.06250000011846649,0.06250000006468305,0.06250000011624761,0.5624999991140915
allow,0.21249997325587283,0.012500000035799081,0.1125000756743535,0.012500000105411633,0.11250007011038751,0.11249998023012132,0.01250000003882226,0.41249990054923186
allowed,0.3174692358179541,0.005952380968241631,0.053571431005092054,0.0059523809990885464,0.005952380969905121,0.1964286577883335,0.05357142927017891,0.36110210318120617
allowing,0.031250000014045785,0.03125000003962228,0.03125000004647343,0.03125000011654124,0.03125000004376398,0.03125000002388994,0.03125000004295151,0.7812499996727118
allusion,0.06251155120438665,0.06250000011863072,0.06250000013893899,0.0625000003482954,0.06250000013086551,0.0625000000714732,0.06250000012862593,0.5624884478587836
ally,0.062500000005662,0.562499999881117,0.06250000001869889,0.06250000004693641,0.06250000001761837,0.06250000000961976,0.06250000001727339,0.06250000000307432
almond,0.14166658357937723,0.008333333354283204,0.008333333357911421,0.008333333394982137,0.008333333356465356,0.2750001402594094,0.07500002104748597,0.4749999216500854
almondshaped,0.0625000000352684,0.06250000009913888,0.06250000011642153,0.0625000002915262,0.0625000001095485,0.06250000005988728,0.06250000010751337,0.5624999991806958
alms,0.062500000005662,0.562499999881117,0.06250000001869889,0.06250000004693641,0.06250000001761837,0.06250000000961976,0.06250000001727339,0.06250000000307432
alone,0.4041667392229763,0.07083337192110475,0.004166666679849661,0.0041666666997382095,0.10416676829021977,0.04354413865023506,0.004166666678842818,0.36478898185703346
alongside,0.5596760956698091,0.03125000008503127,0.03125000009964338,0.03125000024981007,0.03125000009378764,0.03125000005120908,0.03125000009218073,0.25282390365852875
aloud,0.19318170523954276,0.10227275096709282,0.102272760461843,0.011363636455917118,0.2840912541630443,0.011363636382532653,0.011363636397602638,0.2840906199324246
